0 3.3292121726491866 5.229966547995151
1 1.6837196403785701 5.009189613359039
2 0.9291837443797604 4.561286720165198
3 2.5644168515196335 6.295721887622338
4 0.37359576668931505 6.219565198748076
5 2.6788047990250634 7.889272731415281
6 2.961538398678316 6.104011195683739
7 1.518834682718997 6.850228531228244
8 3.4534246664060824 7.05773743558111
9 2.165561607158273 6.515018378039662
10 0.6630643142170938 6.562861136707544
11 3.39285482506846 5.936672016549394
12 2.121668361534558 7.207602538199104
13 1.9979597850897235 7.627795744482153
14 2.35449278572224 7.037527632726333
15 1.6143164872320532 6.51981800078432
16 3.6865828874516025 4.674036854237256
17 3.4289837002109635 3.9106457225306324
18 1.8701800625677023 6.6315229493643315
19 1.4134619357050124 6.290720080977683
20 3.2641033655719403 6.290034781877377
21 0.029711502663386513 6.803905888940029
22 3.030550333953391 6.118097935763157
23 1.9781466726666832 6.046840713862808
24 0.3712471408739435 5.607639409516747
25 3.7009727054192183 7.06132975523478
26 2.695803573895494 5.564011429755853
27 1.6670583796983638 6.602134563358454
28 2.1087889589148316 6.036766928625714
29 1.4610365934043172 6.499177887326274
30 1.2880482430428015 5.76299903072288
31 2.857119235257308 4.117648103503182
32 2.4207050861905217 4.930824663172313
33 -0.5768588002715789 4.7750765581821755
34 0.8432481401399343 6.931304270876204
35 2.98425714787121 8.226159370043401
36 1.581496085024869 5.666222327231227
37 1.8525731310571851 7.561307671362656
38 2.6847099963471632 6.029462365129887
39 1.1475250796067389 7.981417166234394
40 0.3698013686221828 5.764965675837576
41 1.8359287391394707 6.658479613154212
42 0.6921078813733559 7.3537850387484704
43 1.8714773489682432 5.026720811100624
44 1.3055512162492795 5.951158532647091
45 1.4203917393199066 6.871106113634293
46 1.029679740351563 6.4233594418831315
47 3.974244501922195 6.306420377934502
48 2.99926193167356 6.8723360984390665
49 0.132019704992276 7.230744089649951
50 1.8714852248724583 6.841706446868087
51 3.104534055717644 6.467185202995164
52 2.2051799227060367 4.717257377668917
53 2.811909106462144 6.093502589455541
54 2.4756209533798614 6.990621190498841
55 0.8812395814954395 6.992857009610622
56 3.389292561126819 5.617907840166814
57 0.24409169735420977 8.106744765264269
58 2.669489033004258 6.491352020000097
59 2.0076743973332913 5.381994912576547
60 1.344787546761213 6.13278950399418
61 2.0689613668111 5.6461586715479335
62 1.1001649432658698 6.150078393495514
63 0.844884235787053 4.361912135539531
64 0.5616507525362537 4.3337592144854735
65 2.570318296654443 5.208874691948881
66 2.7347332565516416 6.34484426504196
67 3.7037709088868382 6.693210602272469
68 2.7407515304460515 5.411232622506077
69 0.18225697808863028 6.60270900887639
70 3.133552860630319 5.558417675442827
71 1.4474005722825596 5.573231853461384
72 1.264147285171993 7.145302440969978
73 1.8255375076345874 6.7342681216343
74 2.309564637534763 5.094548720656415
75 3.8813926313024596 5.773610670578144
76 1.194745085662404 7.406344442258682
77 2.6481097059729737 5.63513415568078
78 0.9785618285697388 4.508931832662505
79 1.003239466495938 6.407163239009963
80 1.0852571579497514 7.002739008380571
81 1.5540930060249443 6.826202334943326
82 1.1405484373592734 6.1322099853466145
83 2.0804774105301007 5.837739991097335
84 1.9812829201938602 5.495654129002465
85 1.8301791681611708 7.842611218627386
86 2.225384149296435 7.3881421408399905
87 3.4200722622273205 6.563604939131794
88 3.228245612966528 6.4836935101611815
89 2.03240905192887 5.7504219989342875
90 1.3345752626355374 5.146000246670677
91 3.937323618381348 6.0100680043784624
92 2.0604797624965525 6.945952707768208
93 -0.8700961013955135 6.351710115991287
94 2.2654896785171297 6.105712214089272
95 1.4223017768529334 5.594617974538398
96 3.09028592764282 7.427271529641603
97 2.692980868285695 6.185200439142831
98 2.1074311127966414 5.786786940511441
99 0.8685153131588197 6.311157248204042
100 -1.6051352172938587 -2.136073498678055
101 1.4726189254735986 2.2054298538987345
102 0.4450234270198101 0.7951876470970658
103 -1.0305508441436912 -0.48225381757697255
104 0.053087252359632915 -0.015296947400481953
105 -0.54755741586034 -1.0346735196952266
106 -1.110807279706262 1.0684669400067353
107 0.7686574792552503 0.941776191544568
108 0.9544665762411665 1.3063601199866692
109 -0.6433406536097874 1.0489029787488533
110 -0.7205156384767651 0.06391341498018463
111 1.2272866110171583 0.6268748639306013
112 -0.175556653406644 1.0998821124421745
113 0.793976531481417 -1.191161961121372
114 -0.1551694675281105 -1.9400843382587223
115 -1.3971274676888799 -0.33390363633995457
116 -0.9085752005707805 1.0263674221658967
117 1.076665114316696 -0.5652405612325833
118 -0.03061479881353241 1.5179640232561367
119 1.4545148015478173 -0.05923891451213093
120 0.7243935337827814 0.27488162855187964
121 2.0518207048571586 1.5483104558604663
122 0.03238435668290989 0.4410878190186819
123 0.10191905626274043 0.13877529702916622
124 -0.7473347906857634 -1.0997457250663818
125 -0.3648487370870653 0.5432011137538534
126 -1.3943754521407783 -0.929940902987441
127 -0.32051730577902476 -1.3612318553771805
128 1.1367606030579374 0.6469814923971173
129 0.7435416376639961 -0.7901550071703535
130 -1.0748664073912764 -0.6820728133219237
131 0.3542838482436822 -0.8055705428084102
132 0.7748302708434142 0.2212643358639153
133 0.8358587529868219 -0.14262073405986223
134 0.7754100357499931 0.8583027830369397
135 1.2278619763928968 -1.039496012060085
136 -1.478170306342082 -0.8010634234019498
137 1.2617896259163779 -0.22162425819861933
138 1.1267540618668808 0.2893306530895218
139 0.8308561206427452 1.1892991825877475
140 -0.6793540241655888 -0.21555673417984236
141 0.7044750409117051 0.6342683697247022
142 -1.1982237779275815 0.9749752952119505
143 -1.7331733129339701 -0.08627006162694681
144 -0.1270341027752133 0.982739317112532
145 0.9372421744383789 0.27611315835495687
146 1.2549244796810108 0.26252700711977045
147 -1.2446104294080396 -0.6947462372766479
148 0.9523986789111852 0.5513615018997371
149 0.5362392416824383 1.0092865091286463
150 0.30583115658938925 -1.3158844322055048
151 1.0804361125928872 2.134609807206605
152 1.227226522940353 -0.8244777815462564
153 -0.7284643783283813 -1.3395926182641993
154 0.5618115841111131 0.2903688424830078
155 -0.8502441341644068 0.5539102571695846
156 -0.5641919701507248 0.35304605639424136
157 0.8692971647890818 -1.3469017977469315
158 2.5903762120758453 -1.4819284089411109
159 -0.3105632537665525 0.9385528034058571
160 -0.9330910178670172 -0.7345471712991349
161 0.9959963892455439 0.35287348145708053
162 -0.7023054194089049 -0.621702080624386
163 1.2618409144929308 1.9746463437875637
164 1.5531149561771738 -1.7082435421181017
165 -0.4662087125670084 -2.097121625507897
166 -0.9173518820706517 -0.34533766490894074
167 0.6412983533080698 1.605869502364009
168 -1.0632398566883958 -0.7331574495637585
169 -0.12958300328611905 1.4721363293865042
170 -1.3397808852575817 -0.9041752199583498
171 0.2737865125899891 2.149757982079555
172 -0.9083423086289 0.7967181334472754
173 -0.788413033762007 0.9959013172215309
174 -0.6778550469795266 -0.046668218879648934
175 -0.4672775526762576 0.7683947527468838
176 -0.13728181318830562 1.4604951553264771
177 0.43022932190368973 -0.9437744359897885
178 0.7753629755847437 -1.501845297573425
179 -0.791665424420305 -0.1337913269024937
180 -2.010020570853136 0.4398640687940815
181 -0.9463703003569678 -0.1768521431670916
182 -1.2515268297402442 1.317141959876262
183 -0.8716166335607504 -1.1728437793997295
184 0.944135562153969 -0.6877120571818647
185 -1.5147977315116217 -0.39348508247090946
186 0.9980427010685323 -0.24926397797413363
187 -0.7159086385564161 -0.36975923647970194
188 -0.6586039282860117 -1.3766380040879462
189 1.474531806547728 -0.2943369275669634
190 0.911041524302197 0.7423641540099083
191 -1.06129152559174 -0.0010413020544681783
192 -0.2971209366232724 -0.4749552575795709
193 0.19614561995642252 -0.9507030408382146
194 -2.0042046114822742 0.772226815100801
195 -0.31888771511871566 -0.5196511862906337
196 -1.2295749796244846 -0.6528663832254743
197 1.1321750729194646 -1.159474135501712
198 0.9326714844699591 0.6863428372087471
199 2.3907606033982165 0.01982956426497301
200 3.4296684615666146 1.0610297908586095
201 3.3378613855216517 3.893444427952972
202 4.181749838022358 4.363702849534826
203 3.0973467516051096 3.581485589604669
204 1.726356796159449 1.8670974083151628
205 3.5564378755641637 3.1257981014709357
206 3.4454770175329155 3.6036812318277507
207 2.3797033007705606 0.8106687695409045
208 3.9065607614300664 1.9033599420995215
209 3.264371207180561 3.8216998048671478
210 2.039445576196398 2.1979812077989425
211 3.081574301302284 2.7211385643807673
212 5.208100310734919 4.488272689731904
213 1.8841751775051732 4.377645197181639
214 2.9319570697135284 3.5742532703775476
215 2.621463258153903 3.783741867211992
216 5.981979651362335 2.6831276534614443
217 0.5897468479505674 3.3377012118923215
218 2.375481239763245 3.5457397401274915
219 3.40687220907852 2.773624327535012
220 3.193348484404273 5.214584570224316
221 3.072217211740635 1.695040535782706
222 3.503849321581623 2.5739668111939804
223 2.9032244056249783 2.041145168784692
224 4.323083113096284 3.540894018564722
225 1.8984321722632516 1.2642507943079453
226 3.356981136681265 2.5768513506830155
227 2.9910379702872705 2.7420256149684064
228 1.7343189953831148 3.6621593018507403
229 2.748718006472858 2.737030566025035
230 3.9534541420658345 3.8277528389399045
231 1.806687743986639 4.106219748535244
232 5.188710620222126 2.1918656272639536
233 3.7028808116520437 5.014032084748733
234 1.0700472197057265 2.333750812965562
235 2.836993629030519 3.1549942129612942
236 2.5781438940200783 3.951102775298515
237 2.5286772187729176 4.127040554005234
238 0.873541970696817 3.1945265149797777
239 3.0902078974537313 4.2007385168089035
240 2.484080558919512 4.090113423257177
241 3.6954826209064775 3.752516063231393
242 2.243815296889143 4.631716851362143
243 2.0017989604120285 7.019383016129497
244 1.5880313470339145 1.587824971813121
245 3.482784546489463 4.122560757589754
246 4.0188382422702915 3.332912756635564
247 2.793234122619417 2.0882984780818097
248 4.115442206968627 4.211221277512783
249 3.005251786284132 2.8962727210294834
250 2.9319360272069197 3.213029194247417
251 4.209515007790511 2.5623746229456
252 2.7215192877662004 2.0881504189115154
253 4.087022297552643 2.815273565964147
254 3.187375564762914 5.330959964031889
255 3.301784786521022 3.6353668244627504
256 4.31954911730728 2.9183252944247506
257 3.9586489647822694 4.475039930093468
258 2.6635915145120435 3.306679912931758
259 3.457133981209253 4.445564747574695
260 3.2172266686382005 4.981433185594275
261 3.496349045389502 5.171594929076301
262 2.261498918955383 3.3972293858903644
263 2.2644778990105205 3.7225893662832696
264 2.914079581138258 4.947355653950724
265 3.1687044378767006 3.759525429965247
266 2.4653797159427686 2.2508727604914265
267 3.0284796348999183 3.7353381736063573
268 3.4137371555919644 2.536022047059291
269 3.1468536534290648 1.2818908836912952
270 2.35641136570862 3.4156301030298444
271 3.4130689081168994 3.9301139684602253
272 0.868678653057604 2.0301033059088702
273 2.1181829311763827 2.4355749428456552
274 2.3751785033157367 3.8509121456096875
275 3.053186945066288 3.044910764281751
276 3.9670475119791253 3.373512564495262
277 4.032289775394471 3.264590754907097
278 2.0243056461281332 3.743714957517263
279 2.3348081362712785 1.75391384376846
280 3.6972272816077547 4.281180120348366
281 0.03261019259885467 4.484758457149947
282 1.3687585858110187 2.002075873919362
283 3.011888657508914 3.1135214766384576
284 2.348077880794981 2.442695365982913
285 2.3909276244199535 2.7401849917358683
286 2.9677395235017405 4.25130273602247
287 2.2595461480024444 2.9587130741969236
288 2.7376583151933827 2.060610620190585
289 3.0532518472608596 4.736543848751891
290 2.0146376095797933 3.6625099529654523
291 2.9282819673047764 2.513603194209757
292 1.5292228141289332 2.4511015547967117
293 1.284270753045714 2.5776943330357076
294 5.3219219578615125 2.09150147457634
295 2.570667597542755 4.250501152405448
296 3.643634425786614 1.440937778462977
297 0.3102210059765733 2.1127610002829273
298 3.2050168180475707 3.846820911608188
299 4.73889648636604 4.939916726141495
300 6.190234180032846 5.185169320954291
301 7.724823891695322 5.844458266519372
302 5.438405465332371 6.423700573261927
303 4.865068869670834 6.378721008938062
304 3.625721150480653 5.435535629489671
305 5.798035361070057 5.081573226233912
306 5.566874831623449 4.529215154658788
307 6.145760354293819 3.579018341712402
308 5.333194735188076 5.430285102237084
309 6.764862400441793 3.955410228798022
310 4.8380557986154695 5.030078933551447
311 5.923967705187513 5.124302300344244
312 5.776221957397833 6.54308532123251
313 4.844572213278167 7.065138759818131
314 5.418042851948597 7.441569755391523
315 5.07955100566164 3.403729935286261
316 4.878251742769022 6.435575825572008
317 6.023760797197608 7.14975178186428
318 6.4959394658505385 6.888062729313001
319 5.753435194400247 6.9212638833973745
320 3.806865987506085 6.528848583060431
321 5.292214981701292 7.418748677507036
322 5.8574360798140646 6.22512791247689
323 3.70846786577307 6.5347863743359085
324 6.173802144379164 5.194197149784867
325 4.118558310198735 4.7834117112735015
326 6.776987532497325 5.028978671333105
327 6.335064995869956 5.712744918291115
328 4.266341939450718 5.221610935504823
329 6.021830228269943 7.693892933777688
330 5.443892291042203 5.696424950426635
331 6.982070277412561 5.710006094433432
332 6.321966669025611 6.300958476665999
333 8.039210499949052 6.595805714704755
334 5.07329185288543 5.5823623712712935
335 5.914941978816798 7.9099987445077975
336 5.915320051402931 8.47862639716664
337 5.816622475904059 6.7492493245235465
338 5.582866805273831 4.9493211117165545
339 5.3436212392097575 7.514090607174292
340 6.600438805873864 5.55716013113551
341 6.467239227103837 5.143135547094525
342 4.440146768012333 6.732351826996447
343 6.440510676920316 7.3381066698564155
344 6.634529691091431 7.74700732873042
345 4.7165888532404665 5.428172605324945
346 6.220462751299539 6.6558159264283905
347 4.116824835650206 7.524805268479069
348 6.952077813216448 5.787411970961836
349 5.929252744163618 4.837216616226273
350 7.1413378622333905 5.9303206956653325
351 5.237409710961583 6.687880294500297
352 4.394167873590426 6.266420589007249
353 6.1822141739091 6.912415225267665
354 6.13649135511977 5.6282669200201045
355 5.8934573727168855 7.269049224567093
356 5.859084631142164 6.279448334540071
357 3.1263919959076674 6.141843525381077
358 6.538997794728313 4.932758682318819
359 6.1392486266493025 5.5901510200591265
360 4.558055752099166 5.200816274072424
361 8.451168537921808 5.132906755705776
362 4.709665683926531 6.01856172878691
363 4.614622999505991 6.635085641263667
364 6.60462377577319 5.435411392649799
365 5.246825538716103 6.556842782612821
366 6.349075897162249 5.929838855294626
367 5.5056484941606385 5.628961775026649
368 4.138956356459731 6.876230775202951
369 7.888734775361192 5.431095562391869
370 5.327757309550214 5.341697164958196
371 6.728733161707425 7.140242843715145
372 5.726018584780952 4.598850695801066
373 6.306182873637229 5.731226081698952
374 5.636377764371686 6.018072859088686
375 7.263873596881689 6.162354739161879
376 5.526306460637884 5.934424084554307
377 5.947199453648195 5.49191415423938
378 5.794211277080536 6.710766489014928
379 6.347026498785672 7.478665264126027
380 5.138246134526783 4.852589194422768
381 5.632355113222085 5.205889779045694
382 8.04285068762978 5.042171502092889
383 4.200156785612473 7.560242957677523
384 5.0799485426835655 7.381901034832227
385 6.967042184684578 5.211730463051045
386 4.429593360133573 6.0542684130075015
387 5.627209628051597 5.736634664109282
388 5.604802615910985 5.170132085354778
389 4.924836377610372 5.940602553708751
390 7.437754613358576 7.173335917350207
391 6.122136062714904 6.64604605754203
392 6.675011340808086 7.112764480642337
393 4.885956120231671 6.321059979982488
394 5.202978122182916 6.386287603670321
395 5.860530964977877 5.605535624219531
396 4.391684485991885 4.976055895125516
397 5.940235599283393 4.45189195136691
398 5.68735647188252 7.233037262254417
399 6.847916079993669 5.679418865883996
400 3.197668430371218 -2.275167628654129
401 3.861736906879424 -0.9708738993821
402 3.686106427693728 -0.8081489267181411
403 2.699305552548079 -1.0881257055452302
404 3.343299421293727 -2.1737097086733224
405 4.319814812195142 0.3065819661428494
406 3.7615399887709926 -0.7575528713344603
407 3.8699432140741843 -0.3296731706577929
408 2.794940751860304 -0.6146800753481945
409 3.470676075770918 -1.6129814906661617
410 3.740537663197889 -1.492228655414407
411 3.538896155106702 0.23076017250427538
412 5.647489721399158 -1.0561328479518206
413 2.7001449905464243 0.6242586645670565
414 2.906000109802359 -0.21593807468152532
415 4.019441875674739 -0.3474697737167938
416 3.6666154246457925 -1.8518746916583524
417 4.664360593943656 -0.76164360849932
418 2.986430546949558 -0.3739066706613336
419 3.2034238177530465 1.7134832982307513
420 4.5136001661980725 -1.4429904084554832
421 3.81675628223874 -1.1960897095801468
422 3.048743988320621 -1.4274001082839494
423 3.6550994851404437 -0.25134065203236877
424 3.9263454349417466 -0.8907904730234604
425 4.315709247262154 0.4824955498097452
426 3.4511286948571267 0.8301371649494309
427 5.448402805851021 -1.483937163707115
428 4.091333050964605 -0.7241076175101588
429 4.499484846140999 1.0602726883355715
430 4.926918497007245 -1.2633004277108675
431 4.572560199375083 -0.3524174051078578
432 5.884526887627031 -0.37937642961015017
433 3.6665586142658815 -0.3189570963365437
434 3.97632895227126 -1.6393649555923366
435 3.441456653291806 -1.2858275642948471
436 2.957891587872764 -1.6574157544990666
437 4.182133308256106 -0.40908242167978126
438 5.348373155930562 -1.4137585201640663
439 3.411943799335555 -0.991088455702698
440 5.639577894194991 -0.7202048113889448
441 5.37330437275543 -3.3060711629034016
442 3.09048162011009 1.73635333761945
443 3.4233396700625804 0.43645859559286815
444 3.1570917856826757 -1.8645804091922062
445 4.48040324029721 -0.3018256829480903
446 4.1324805162170595 1.6940959156083562
447 3.2715041247501673 -0.5998586875168568
448 5.226371332639056 0.8477941362643668
449 3.381773960329674 0.17491150744193684
450 4.232684306776063 -1.6445778176392172
451 4.901429620776944 -0.7066706530932769
452 3.7135074025803445 -0.7429360255133721
453 4.713858100216755 -2.324999810572134
454 4.201513822965577 -1.1233454520324173
455 2.6470222997401684 -1.064937149818146
456 3.799065372377999 -0.5298344474939369
457 2.9090754982965894 -0.3203100462000568
458 3.717837101875194 -1.9086506644128831
459 3.9128651869055635 -0.26417219074079484
460 2.9139715343770063 0.8130515637597335
461 5.68168345062405 -2.953682213743679
462 3.878634205907899 -1.7234062165432642
463 2.5135809012234676 0.35298795037750497
464 3.724378543131451 -0.9217743906354888
465 4.468245801806074 -0.8458714581812545
466 2.470393335252486 -0.9884449077000779
467 5.235391130401064 -0.5358633243319113
468 4.659287050711081 -0.7031903195568501
469 2.340840770859848 -1.9194697081983223
470 4.574383402446124 -0.027417154269455235
471 5.831569256704212 0.5415041090516051
472 3.9005480903913567 0.670369928254658
473 1.7392315836008971 -1.2941429807730809
474 3.365091591148005 -2.829028477731647
475 4.038550722552137 -1.6524695698946672
476 3.882943144350088 0.35491570284860297
477 3.0039799375250107 -1.0174091924386488
478 4.678757357276228 -1.7669606683581327
479 5.27239563502015 -0.5570241164311414
480 2.316976467668977 -0.8404266773835283
481 5.1734484958128535 -1.5258915701349611
482 4.850166751768583 -1.1992117688321071
483 2.983007249200118 -0.4199310235292526
484 5.104992721692215 -1.445224929999461
485 2.2892341615448046 -0.05670020996778341
486 4.684324148340199 -0.18124565782020147
487 4.74455459766052 -0.6448678579427991
488 3.3201077043347693 -0.8661155491896617
489 5.534100576457372 -0.7629228757875336
490 4.1736152235180475 0.06156469112469942
491 5.005907068445748 -1.3725025635915118
492 3.633488477464336 -1.3201197148405124
493 5.562851514638242 -0.602255109153167
494 3.508850561027546 0.6198027471696015
495 3.7012471715956683 -0.11604503516928066
496 5.633663179677324 0.7689422494356664
497 5.727461755868768 -1.1882574963975816
498 3.461587501248235 -0.2972893477086703
499 4.4300792738127965 -1.8818286958090726
500 6.887627319780254 1.0486569075795353
501 7.129291476376827 -1.1921130886109301
502 6.615281949352121 -1.8615011681346223
503 8.150017828463437 0.28861466124156154
504 5.244270280591424 0.23897506685965664
505 7.856155073592691 0.6949863675976649
506 5.2944767907254 0.8803821997661245
507 8.241966530501749 -0.42613347695224485
508 6.719130102545456 -1.3693886526932593
509 5.043779740317888 0.4144579897819527
510 4.18153541743782 -0.623627941518117
511 7.704004889300753 -0.46416321067952476
512 7.777628530172826 -0.6022096191863789
513 6.165492240557227 -1.1619220514818138
514 5.812201733569413 -0.8016217881776577
515 6.078576663712618 0.5298824083162526
516 5.7655930977141985 -0.6579898022914408
517 7.382501769384068 -0.24244611919550968
518 8.019147364597545 -2.0632406331818736
519 5.823012264950382 -1.5091031433385804
520 7.925284335934254 -0.5832195337555643
521 6.634611103780461 0.3150347192432189
522 7.347050105812306 -2.1096499078874595
523 6.933290010379528 -0.2574678207025587
524 8.561931786003978 0.044769211277583265
525 7.328780184957146 -0.23589482327509936
526 5.943855304309628 -2.0949870474535333
527 5.981403384419581 0.8805207518902756
528 6.902689000785796 -0.6728018210059588
529 4.256617132626186 -0.8608241576454444
530 6.541569189614971 -1.7446006492570683
531 6.129694547013221 0.17641664903793564
532 6.694121479910408 -1.939535738646542
533 6.5126200949179305 -0.7118418210553538
534 6.350430722931133 -0.41675230214418274
535 8.107915361263172 -0.04625346544042669
536 4.9734547024806055 -1.7389382652811705
537 6.534753433234896 -0.019151241932082008
538 8.03238011011615 -0.21176920108995317
539 6.576984994813069 0.5199298880378431
540 8.748168293103415 -1.765736520124024
541 6.5278108570151545 -0.3537413527748567
542 7.0495156600886 -0.20529795848058563
543 8.034748676966851 -0.4819303486451246
544 6.105642293150857 0.5407210046569013
545 7.247432424832626 0.25666732235702383
546 5.0052966121198565 -1.192701407518387
547 9.425840018363953 -1.8964693053185049
548 5.199160643381913 -0.505643381381055
549 7.983483279467076 -1.8254900959642764
550 6.723907058014143 -0.3264863522150254
551 7.00762605489573 0.231730783345936
552 8.978147251010274 -0.16402681023365373
553 6.950436044509927 1.1945074778542961
554 8.299710070198886 -0.9459651025221878
555 7.106469612134513 -0.027389847446767757
556 8.430977533310369 0.41207489896170435
557 6.873557477121473 0.020817062913550344
558 6.0843158388942715 -0.7653153193864175
559 7.955802019666592 -0.6698214681944467
560 7.453533905686372 0.5899044714643664
561 6.439767349999385 1.241036431467997
562 5.0160757149748525 -1.3319877049040811
563 8.090429853098911 0.5386090575327347
564 6.288592395735428 -2.204366333818016
565 7.670763928176699 -0.21712517158508932
566 6.136061443562378 -0.2830815463202462
567 7.82908116582679 -1.7000940480859934
568 5.522125591731755 -0.16571545183917918
569 7.697786771733342 2.074207305426179
570 6.56733976525748 1.026118720833208
571 7.412497877645667 -0.09513871080716307
572 7.619563455470862 0.3996443307083455
573 6.590480022399056 -0.34550789006065263
574 7.127337646247392 -2.1788043624743345
575 8.618632903154978 -0.17349491634150338
576 5.806609128170816 -0.0032398819100372123
577 5.474545485103579 -1.253455701441812
578 6.897601354963524 0.4486136475668159
579 7.958430413931322 -0.34117308073207697
580 7.230246953454218 -0.7183948858924907
581 8.154031504742658 -0.1068571238196101
582 7.327314890176246 -0.5757389589121453
583 6.731224906808714 0.41959954572430225
584 7.368495295531177 -0.6649489316415967
585 5.600517892026067 -0.09890451416476526
586 7.905179302572951 -1.6386766389189253
587 4.727890084393826 -0.1798727553539265
588 6.955395153429475 -0.40424586810861973
589 7.534294731730018 0.7915580888621006
590 6.0361803027028 -1.1060621824195653
591 5.552813197049584 -0.11128144940671036
592 6.778767051791584 -1.0751075645857209
593 7.080720119001582 -2.431274345168992
594 7.330534023564917 -0.02792106316670845
595 8.078896557128031 1.1260021984940498
596 7.634586208103011 -1.2160796235467666
597 6.496270400699661 0.8236688423398582
598 4.962184188967566 0.06939827964808953
599 7.14125143467997 -0.6225569406167161
